1000
305403
605086
806649
550802
85066
871031
943342
944821
466869
48887
38682
956562
556778
134635
505899
588508
106690
367674
782355
617174
590659
560740
584291
728874
406877
169326
716663
81469
974215
776738
806047
444502
954695
941735
620596
223919
41695
187520
368155
782198
353980
446447
226688
104237
26113
733887
421334
673684
506983
868410
291469
275525
320849
888090
272914
913652
862339
939549
899052
232328
70234
352332
133117
384582
310882
840986
946017
611005
470681
161665
454620
352252
180645
910790
886111
126106
140974
442037
946936
417471
870286
256058
497782
574262
372279
223586
658485
741506
324517
187164
169832
869794
321733
614916
32372
353131
458390
552366
672501
152526
578772
963041
234842
441918
113980
99970
697811
485459
994
122731
976995
13272
190531
53483
783802
858495
865940
683114
126890
317254
913631
711807
455824
79722
529054
611979
469186
652460
222958
767743
10650
130052
517628
748193
146327
806890
133916
45132
755499
872803
638571
372805
989562
774208
206322
572090
572659
315723
766922
208818
496217
430212
794446
975469
521042
52299
450614
876187
510900
496607
371244
76611
878971
273599
952052
531294
39874
438952
529659
358346
500055
640458
818995
919122
206836
14833
900206
448716
646984
976395
586612
625513
580184
635900
446199
551499
233892
441687
314350
652891
300785
839929
544986
223641
146034
238044
272498
325863
299008
679124
841920
216045
320731
94720
997972
344316
725235
192783
860678
729667
127213
90534
890527
250329
123834
106161
231607
980216
412739
615673
250881
253713
603440
870678
814964
604063
941362
378681
704503
790144
625047
905949
513793
432834
177684
747400
860352
680918
953015
308546
162290
550574
512744
201301
263425
106325
809446
137563
917398
979001
147132
693481
425984
893134
612417
386872
451018
793630
732757
667140
595781
452895
680423
395664
918941
226479
542382
346485
681192
744381
520577
406813
736877
320584
425983
156860
675100
899044
329403
26047
340948
261022
208839
362220
70599
708450
292286
213084
937609
653136
443707
416505
581233
308739
286228
130771
932180
395709
214285
813899
425049
946345
156852
484472
376045
942238
967527
775710
167039
498289
121154
503768
824458
195584
559891
153922
796798
748916
522816
468470
532543
633835
978535
712417
81064
245568
948157
308068
577799
92749
130391
746677
306193
257744
31876
433293
585982
852952
236654
330140
190978
586594
23171
131066
521110
188562
933632
222582
763997
244547
123353
797999
384540
662213
690210
433789
14635
655338
147440
483674
741730
721306
374554
155970
276013
92697
531820
526492
765990
270842
560882
994145
400353
567797
246922
909720
216415
669974
625942
825375
890978
394895
560866
745162
352199
855640
876279
256567
119430
828272
983696
898377
689025
31359
669947
403614
295876
250432
709454
316771
325327
768053
786374
347247
104116
100853
349197
859252
188035
63586
202349
794237
399062
653920
818176
196623
204139
748539
876775
347762
970780
463139
302578
372052
232041
992635
326244
469563
41860
110548
713350
341686
721920
216517
182467
443060
358213
622923
378250
201852
43442
726469
488561
908440
956535
744240
903321
393118
117803
727440
584539
649425
701515
638941
172579
887066
635112
480042
168739
904584
910386
995854
272797
617780
142138
624933
156988
460896
777494
331396
665663
990130
952032
251249
396939
697717
154964
679552
376112
251662
590923
973534
789057
326916
982407
346033
51047
99814
48845
826346
418621
967061
653711
288376
820295
484303
351163
624021
37906
808312
433390
6323
856233
481542
430384
344186
321762
987874
770201
294676
189527
412973
437523
312601
948417
174885
815400
861576
181135
741160
520990
73103
159398
743792
122796
289880
93052
39362
201789
847503
902822
965615
204230
646984
157603
624896
135449
979946
496746
365325
921921
46537
431429
188546
642450
578498
558402
588955
908075
131922
487222
907790
656764
89302
180069
809177
762646
598837
972583
809560
538619
704177
279812
244275
349480
706354
817908
779587
602671
121675
607352
930826
504513
479322
77520
25624
270660
587525
556250
955838
44517
64975
427470
748758
700868
531841
885775
189285
901711
906392
322821
446201
542058
986077
760059
37964
810938
119773
397520
947334
481670
784038
864446
183257
198627
119300
285291
856866
762520
646280
930902
201659
854751
576066
353866
993538
473724
530081
981399
683989
632566
120274
713961
361305
768553
141978
822640
567053
512553
607199
396059
895612
573260
466164
785339
141715
834748
979329
132552
204289
3594
152246
602199
729403
171597
567862
193512
460667
373932
683709
257864
451373
829206
242095
246232
531081
679120
699015
977852
405757
732114
895248
237100
418288
900312
560496
271634
944970
693213
742388
530884
136096
331930
172508
212607
147351
127239
207114
255286
51381
203845
597056
303988
133694
282774
895793
766623
568210
528908
543295
220280
468689
914558
259616
121642
702929
667876
396671
114351
909122
223433
872012
572462
521722
218279
546891
396015
363738
290740
939375
255496
478496
205836
307196
581365
943305
731434
951496
915276
698407
320066
328240
579918
297379
468721
448038
921809
63630
432194
245847
92470
897220
789513
808930
529091
4209
874194
946449
182982
396047
480076
587747
446729
858687
630681
128184
886377
411758
517432
373799
530289
635456
63098
672484
211885
947332
816789
347020
538766
624124
165833
447816
795386
285692
537896
464598
345424
718357
170464
400902
665828
792220
112126
767967
174951
890201
453866
112711
537325
879151
821816
908002
711000
945781
331789
881340
803004
815085
657704
795877
641292
798118
490828
654452
820523
159790
889394
264545
417590
266528
185239
296158
197136
408080
966709
228120
234267
151393
784571
77197
811365
340831
784543
303088
500835
947065
304467
217692
937681
46092
597900
46103
382323
133880
531651
934844
25131
671633
296635
714987
591829
894884
351501
761902
702703
344112
506176
224363
555884
265469
428558
311561
418369
910842
97290
694499
836000
61928
382742
983608
432281
880090
460360
20509
486888
480487
535853
432743
593200
180513
203801
556145
292402
493963
336078
64632
746653
883981
204888
814256
814752
290342
557518
245318
317311
817868
657681
750053
530228
409814
738108
760430
195429
840003
516696
816222
304149
942535
452578
780498
263850
485323
171010
197795
618896
294758
787143
442852
559845
141649
196400
637381
496189
639505
860785
350046
927399
304998
746258
660958
225393
473135
528997
820084
918834
196882
919265
758258
34931
362217
599924
201800
363339
869644
529056
977004
777759
946154
797516
240274
732246
306856
590495
286882
679593
50909
227903
839057
805247
624091
58462
349696
127617
364208
764832
714003
19474
821028
693798
694901
844336
37715
278227
172472
857567
16997
114428
692595
23489
112258
465381
335554
970871
276480
20194
687538
791167
410686
47696
469660
130328
491385
453188
859682
262045
790005
45110
767995
340584
333172
679503
228823
82511
207174
418058
912677
779419
542431
500649
921681
733013
736784
623506
787838
102117
603762
961523
694794
234132
51944
