111
368929
149390
463481
214465
877338
507739
695540
813527
541963
823487
549219
496678
680555
431164
825521
757087
142906
613478
201210
653649
936689
582475
283323
975796
330165
687744
984009
164142
270840
79306
558727
694163
612531
527972
123705
86886
119789
620988
40399
469960
746622
146196
627900
680515
536631
256729
964818
339918
968143
244546
370255
499660
318287
718574
766764
28692
259562
385363
42952
483503
429849
787457
716082
555916
640080
155019
96376
637123
73085
961124
162366
354604
13647
68121
9321
341060
74149
265890
553028
503955
335390
979920
226866
862353
411210
65061
775395
175601
564206
522722
16303
689050
907101
413506
238827
427707
517271
985987
509564
992768
844145
100315
348786
159240
288939
675590
81451
773698
522308
719905
281904
